974
989394
5114991
415
20101
4913
4515337
337727
55856
981526
708
2310
26720
1228511
1899
638
1511
26961
4156988
1203
1513
1421
14272
19022
830369
177650
1713
92397
17415
40828
2972578
1903
1564
6447
15221
4160
5297004
14096
149604
2838
4562663
119609
5101456
4745
3354813
3618
66475
3720841
1875
15827
4355563
1006
3359
146712
187386
5336
38337
80
113721
6892700
1443
1856
8825
980730
5647652
2118
4533135
2032
57006
18125
4550521
271576
5910140
92950
452856
119589
2960129
6277826
15846
736845
580205
984020
177344
3576955
2261485
2998
16280
57646
14100
64095
4319
592146
6605322
1416068
590
1340
185018
1591569
66900
4005
1108948
450
1209
421571
4413513
686869
1005
176597
4273717
6652
108377
5035
56718
19243
66980
981779
3857397
240440
1217205
2320
1233
2109
3032
683580
6247
1243
18915
1032
1512
201997
7438
55549
607
72
9696
5114694
4699645
108361
1217788
223339
605
862
3958
586149
1107
4503263
548
217
6273099
51327
4562406
70047
66392
16945
3314
59623
52530
1126
2481710
4068899
1064
705179
5899928
6005
21315
5638692
44081
4864633
6473392
5955247
49279
8361
4196370
6956130
1565
203700
48500
6938
47866
2465
1896
5794546
3790
4082172
8167
7972
67520
7746
39310
764085
6526229
38126
4492
1735
773202
6329566
187962
5101699
762850
1276
13802
4277
1402
1422061
985433
2444903
3820059
15843
164180
3508200
14224
3963123
6251827
3700163
20112
4095905
235157
1606349
588413
551
243001
887644
21717
7911
6193023
2559
17479
427
5944
5236529
7072
66559
26596
33771
4721
3832553
653
42008
4563027
11456
6861841
173003
4852
777173
3904426
2102
895210
933062
4312
173238
3703
4352
64249
5103268
8090
1128
7843
6084
1205
3517670
256894
531
14428
3045
21074
760628
20602
234072
536
743
983153
5647425
665
267948
14275
3357
201494
6297526
48856
4820
67
2569
113057
391168
30999
15888
5987
4424563
3849526
54422
4023361
1319
16972
27154
8611
3924
1682
3736
2960772
167737
3333432
786444
14236
14048
5895327
4614
3960960
1761
4836793
11535
52372
436373
153765
189817
4236
5584251
43889
210979
1182
1685
6508
2245
419844
602
1033
39680
918910
8251
220061
206
239134
6337
58068
5137
216530
348
9132
14876
1944
5843
2334
1368
4876963
6219762
12783
6783
46175
982846
212070
73971
3648
3213
3824350
258015
3144
1490559
27860
1668
139
16377
1621817
1715
904
53277
3803341
937
1799
5571
598
1237569
3429
4923025
1362
53024
615
1401
1393
1886
20138
116001
170
5430331
1200
7071
436236
6362
1917
3482805
35505
2843
2271
5647698
23689
190
56400
6813
14540
236635
12601
2107
1872717
69945
1477086
56982
3969369
1113
37388
4077444
1132407
44696
67133
1653822
10762
2200587
6693
1405956
15984
4546225
123668
2974
2033
409599
52987
312850
786248
1069607
4339
1824
186
10861
5288009
41274
14598
14072
12662
4845
62930
6375972
418692
1915
205772
3397
8253
51289
21700
3808
588885
1007
175995
5131
76367
6760
42727
1656
4869033
6070
4616032
186541
14808
153722
874
8
514
2856
118914
889050
7157
5048
164789
21506
71672
65018
1279
71
16351
47912
79193
922
14330
16826
6427
157670
1248
3650
8638
4227
4127
14754
6374999
878
530049
20447
1643698
1124
38788
2087
10958
2344
3798441
20139
119182
67146
951
4597
612051
3537504
13743
3491
154872
235
190965
4510758
4877048
190173
71847
60150
7020
1930
8010
9105
61386
2721
212623
231022
3981
5243795
6605338
684
3935249
639
44654
41165
1271
37679
1788
4360
5111
78066
15132
4488932
5111
78066
15132
4488932
24474
1643931
3535
220638
7733
5615
3658
210170
2439675
3902422
2738
1672656
446203
331185
3560437
5873738
189955
66811
3923297
140589
37882
708065
2374260
4231231
268257
6058710
4322717
969203
2988458
60632
455142
209866
4048398
639095
57292
3307525